13.598
24.587
5.392
9.323
8.298
11.26
14.534
13.618
17.423
21.565
5.139
7.646
5.986
8.152
10.487
10.36
12.968
15.76
4.341
6.113
6.561
6.828
6.746
6.767
7.434
7.902
7.881
7.64
7.726
9.394
5.999
7.9
9.815
9.752
11.814
14
4.177
5.695
6.217
6.634
6.759
7.092
7.28
7.361
7.459
8.337
7.576
8.994
5.786
7.344
8.64
9.01
10.451
12.13
3.894
5.212
5.577
5.539
5.464
5.525
5.55
5.644
5.67
6.15
5.864
5.939
6.022
6.108
6.184
6.254
5.426
6.825
7.89
7.98
7.88
8.7
9.1
9
9.226
10.438
6.108
7.417
7.289
8.417
9.5
10.745
3.9
5.279
5.17
6.08
5.89
6.194